10001011000 11111 000000 11111 10011
11110001000 000000000100 10011 11111
01010100 1111111110000001101 01010
11010011011 00000 000011 10011 01001
10001011000 10100 000000 01001 01010
10001011000 10101 000000 01001 01011
10001011000 10110 000000 01001 01100
11111000010 000000000 00 01011 01110
11111000010 000000000 00 01100 01111
11001011000 01111 000000 01110 01110
11111000000 000000000 00 01010 01110
1001000100 000000000001 10011 10011
000101 11111111111111110000001101
1001000100 000000010101 01110 01110
